<!DOCTYPE html>

<html>

<head>

<meta charset="utf-8" />
<meta name="generator" content="pandoc" />
<meta http-equiv="X-UA-Compatible" content="IE=EDGE" />



<meta name="date" content="2021-10-26" />

<title>Classical Statistical Approach to GxE analysis</title>

<script src="site_libs/header-attrs-2.11/header-attrs.js"></script>
<script src="site_libs/jquery-3.6.0/jquery-3.6.0.min.js"></script>
<meta name="viewport" content="width=device-width, initial-scale=1" />
<link href="site_libs/bootstrap-3.3.5/css/cosmo.min.css" rel="stylesheet" />
<script src="site_libs/bootstrap-3.3.5/js/bootstrap.min.js"></script>
<script src="site_libs/bootstrap-3.3.5/shim/html5shiv.min.js"></script>
<script src="site_libs/bootstrap-3.3.5/shim/respond.min.js"></script>
<style>h1 {font-size: 34px;}
       h1.title {font-size: 38px;}
       h2 {font-size: 30px;}
       h3 {font-size: 24px;}
       h4 {font-size: 18px;}
       h5 {font-size: 16px;}
       h6 {font-size: 12px;}
       code {color: inherit; background-color: rgba(0, 0, 0, 0.04);}
       pre:not([class]) { background-color: white }</style>
<script src="site_libs/jqueryui-1.11.4/jquery-ui.min.js"></script>
<link href="site_libs/tocify-1.9.1/jquery.tocify.css" rel="stylesheet" />
<script src="site_libs/tocify-1.9.1/jquery.tocify.js"></script>
<script src="site_libs/navigation-1.1/tabsets.js"></script>
<link href="site_libs/highlightjs-9.12.0/textmate.css" rel="stylesheet" />
<script src="site_libs/highlightjs-9.12.0/highlight.js"></script>
<link href="site_libs/font-awesome-5.1.0/css/all.css" rel="stylesheet" />
<link href="site_libs/font-awesome-5.1.0/css/v4-shims.css" rel="stylesheet" />

<link rel="icon" href="https://github.com/workflowr/workflowr-assets/raw/master/img/reproducible.png">
<!-- Add a small amount of space between sections. -->
<style type="text/css">
div.section {
  padding-top: 12px;
}
</style>



<style type="text/css">
  code{white-space: pre-wrap;}
  span.smallcaps{font-variant: small-caps;}
  span.underline{text-decoration: underline;}
  div.column{display: inline-block; vertical-align: top; width: 50%;}
  div.hanging-indent{margin-left: 1.5em; text-indent: -1.5em;}
  ul.task-list{list-style: none;}
    </style>

<style type="text/css">code{white-space: pre;}</style>
<script type="text/javascript">
if (window.hljs) {
  hljs.configure({languages: []});
  hljs.initHighlightingOnLoad();
  if (document.readyState && document.readyState === "complete") {
    window.setTimeout(function() { hljs.initHighlighting(); }, 0);
  }
}
</script>








<style type = "text/css">
.main-container {
  max-width: 940px;
  margin-left: auto;
  margin-right: auto;
}
img {
  max-width:100%;
}
.tabbed-pane {
  padding-top: 12px;
}
.html-widget {
  margin-bottom: 20px;
}
button.code-folding-btn:focus {
  outline: none;
}
summary {
  display: list-item;
}
pre code {
  padding: 0;
}
</style>


<style type="text/css">
.dropdown-submenu {
  position: relative;
}
.dropdown-submenu>.dropdown-menu {
  top: 0;
  left: 100%;
  margin-top: -6px;
  margin-left: -1px;
  border-radius: 0 6px 6px 6px;
}
.dropdown-submenu:hover>.dropdown-menu {
  display: block;
}
.dropdown-submenu>a:after {
  display: block;
  content: " ";
  float: right;
  width: 0;
  height: 0;
  border-color: transparent;
  border-style: solid;
  border-width: 5px 0 5px 5px;
  border-left-color: #cccccc;
  margin-top: 5px;
  margin-right: -10px;
}
.dropdown-submenu:hover>a:after {
  border-left-color: #adb5bd;
}
.dropdown-submenu.pull-left {
  float: none;
}
.dropdown-submenu.pull-left>.dropdown-menu {
  left: -100%;
  margin-left: 10px;
  border-radius: 6px 0 6px 6px;
}
</style>

<script type="text/javascript">
// manage active state of menu based on current page
$(document).ready(function () {
  // active menu anchor
  href = window.location.pathname
  href = href.substr(href.lastIndexOf('/') + 1)
  if (href === "")
    href = "index.html";
  var menuAnchor = $('a[href="' + href + '"]');

  // mark it active
  menuAnchor.tab('show');

  // if it's got a parent navbar menu mark it active as well
  menuAnchor.closest('li.dropdown').addClass('active');

  // Navbar adjustments
  var navHeight = $(".navbar").first().height() + 15;
  var style = document.createElement('style');
  var pt = "padding-top: " + navHeight + "px; ";
  var mt = "margin-top: -" + navHeight + "px; ";
  var css = "";
  // offset scroll position for anchor links (for fixed navbar)
  for (var i = 1; i <= 6; i++) {
    css += ".section h" + i + "{ " + pt + mt + "}\n";
  }
  style.innerHTML = "body {" + pt + "padding-bottom: 40px; }\n" + css;
  document.head.appendChild(style);
});
</script>

<!-- tabsets -->

<style type="text/css">
.tabset-dropdown > .nav-tabs {
  display: inline-table;
  max-height: 500px;
  min-height: 44px;
  overflow-y: auto;
  border: 1px solid #ddd;
  border-radius: 4px;
}

.tabset-dropdown > .nav-tabs > li.active:before {
  content: "";
  font-family: 'Glyphicons Halflings';
  display: inline-block;
  padding: 10px;
  border-right: 1px solid #ddd;
}

.tabset-dropdown > .nav-tabs.nav-tabs-open > li.active:before {
  content: "&#xe258;";
  border: none;
}

.tabset-dropdown > .nav-tabs.nav-tabs-open:before {
  content: "";
  font-family: 'Glyphicons Halflings';
  display: inline-block;
  padding: 10px;
  border-right: 1px solid #ddd;
}

.tabset-dropdown > .nav-tabs > li.active {
  display: block;
}

.tabset-dropdown > .nav-tabs > li > a,
.tabset-dropdown > .nav-tabs > li > a:focus,
.tabset-dropdown > .nav-tabs > li > a:hover {
  border: none;
  display: inline-block;
  border-radius: 4px;
  background-color: transparent;
}

.tabset-dropdown > .nav-tabs.nav-tabs-open > li {
  display: block;
  float: none;
}

.tabset-dropdown > .nav-tabs > li {
  display: none;
}
</style>

<!-- code folding -->



<style type="text/css">

#TOC {
  margin: 25px 0px 20px 0px;
}
@media (max-width: 768px) {
#TOC {
  position: relative;
  width: 100%;
}
}

@media print {
.toc-content {
  /* see https://github.com/w3c/csswg-drafts/issues/4434 */
  float: right;
}
}

.toc-content {
  padding-left: 30px;
  padding-right: 40px;
}

div.main-container {
  max-width: 1200px;
}

div.tocify {
  width: 20%;
  max-width: 260px;
  max-height: 85%;
}

@media (min-width: 768px) and (max-width: 991px) {
  div.tocify {
    width: 25%;
  }
}

@media (max-width: 767px) {
  div.tocify {
    width: 100%;
    max-width: none;
  }
}

.tocify ul, .tocify li {
  line-height: 20px;
}

.tocify-subheader .tocify-item {
  font-size: 0.90em;
}

.tocify .list-group-item {
  border-radius: 0px;
}


</style>



</head>

<body>


<div class="container-fluid main-container">


<!-- setup 3col/9col grid for toc_float and main content  -->
<div class="row">
<div class="col-xs-12 col-sm-4 col-md-3">
<div id="TOC" class="tocify">
</div>
</div>

<div class="toc-content col-xs-12 col-sm-8 col-md-9">




<div class="navbar navbar-default  navbar-fixed-top" role="navigation">
  <div class="container">
    <div class="navbar-header">
      <button type="button" class="navbar-toggle collapsed" data-toggle="collapse" data-target="#navbar">
        <span class="icon-bar"></span>
        <span class="icon-bar"></span>
        <span class="icon-bar"></span>
      </button>
      <a class="navbar-brand" href="index.html">classical_analysis_GxE</a>
    </div>
    <div id="navbar" class="navbar-collapse collapse">
      <ul class="nav navbar-nav">
        <li>
  <a href="index.html">Home</a>
</li>
<li>
  <a href="about.html">About</a>
</li>
<li>
  <a href="license.html">License</a>
</li>
      </ul>
      <ul class="nav navbar-nav navbar-right">
        <li>
  <a href="https://github.com/mab658/research_project">
    <span class="fa fa-github"></span>
     
    Source code
  </a>
</li>
      </ul>
    </div><!--/.nav-collapse -->
  </div><!--/.container -->
</div><!--/.navbar -->

<div id="header">



<h1 class="title toc-ignore">Classical Statistical Approach to GxE analysis</h1>
<h4 class="author">Moshood Agba Bakare</h4>
<address class="author_afil">
JeanLuc’s Lab Cornell University<br><h4 class="date">2021-10-26</h4>

</div>


<p>
<button type="button" class="btn btn-default btn-workflowr btn-workflowr-report" data-toggle="collapse" data-target="#workflowr-report">
<span class="glyphicon glyphicon-list" aria-hidden="true"></span> workflowr <span class="glyphicon glyphicon-exclamation-sign text-danger" aria-hidden="true"></span>
</button>
</p>
<div id="workflowr-report" class="collapse">
<ul class="nav nav-tabs">
<li class="active">
<a data-toggle="tab" href="#summary">Summary</a>
</li>
<li>
<a data-toggle="tab" href="#checks"> Checks <span class="glyphicon glyphicon-exclamation-sign text-danger" aria-hidden="true"></span> </a>
</li>
<li>
<a data-toggle="tab" href="#versions">Past versions</a>
</li>
</ul>
<div class="tab-content">
<div id="summary" class="tab-pane fade in active">
<p>
<strong>Last updated:</strong> 2021-10-26
</p>
<p>
<strong>Checks:</strong> <span class="glyphicon glyphicon-ok text-success" aria-hidden="true"></span> 6 <span class="glyphicon glyphicon-exclamation-sign text-danger" aria-hidden="true"></span> 1
</p>
<p>
<strong>Knit directory:</strong> <code>classical_analysis_GxE/</code> <span class="glyphicon glyphicon-question-sign" aria-hidden="true" title="This is the local directory in which the code in this file was executed."> </span>
</p>
<p>
This reproducible <a href="http://rmarkdown.rstudio.com">R Markdown</a> analysis was created with <a
  href="https://github.com/jdblischak/workflowr">workflowr</a> (version 1.6.2). The <em>Checks</em> tab describes the reproducibility checks that were applied when the results were created. The <em>Past versions</em> tab lists the development history.
</p>
<hr>
</div>
<div id="checks" class="tab-pane fade">
<div id="workflowr-checks" class="panel-group">
<div class="panel panel-default">
<div class="panel-heading">
<p class="panel-title">
<a data-toggle="collapse" data-parent="#workflowr-checks" href="#strongRMarkdownfilestronguncommittedchanges"> <span class="glyphicon glyphicon-exclamation-sign text-danger" aria-hidden="true"></span> <strong>R Markdown file:</strong> uncommitted changes </a>
</p>
</div>
<div id="strongRMarkdownfilestronguncommittedchanges" class="panel-collapse collapse">
<div class="panel-body">
<p>The R Markdown is untracked by Git. To know which version of the R Markdown file created these results, you’ll want to first commit it to the Git repo. If you’re still working on the analysis, you can ignore this warning. When you’re finished, you can run <code>wflow_publish</code> to commit the R Markdown file and build the HTML.</p>
</div>
</div>
</div>
<div class="panel panel-default">
<div class="panel-heading">
<p class="panel-title">
<a data-toggle="collapse" data-parent="#workflowr-checks" href="#strongEnvironmentstrongempty"> <span class="glyphicon glyphicon-ok text-success" aria-hidden="true"></span> <strong>Environment:</strong> empty </a>
</p>
</div>
<div id="strongEnvironmentstrongempty" class="panel-collapse collapse">
<div class="panel-body">
<p>Great job! The global environment was empty. Objects defined in the global environment can affect the analysis in your R Markdown file in unknown ways. For reproduciblity it’s best to always run the code in an empty environment.</p>
</div>
</div>
</div>
<div class="panel panel-default">
<div class="panel-heading">
<p class="panel-title">
<a data-toggle="collapse" data-parent="#workflowr-checks" href="#strongSeedstrongcodesetseed20211022code"> <span class="glyphicon glyphicon-ok text-success" aria-hidden="true"></span> <strong>Seed:</strong> <code>set.seed(20211022)</code> </a>
</p>
</div>
<div id="strongSeedstrongcodesetseed20211022code" class="panel-collapse collapse">
<div class="panel-body">
<p>The command <code>set.seed(20211022)</code> was run prior to running the code in the R Markdown file. Setting a seed ensures that any results that rely on randomness, e.g. subsampling or permutations, are reproducible.</p>
</div>
</div>
</div>
<div class="panel panel-default">
<div class="panel-heading">
<p class="panel-title">
<a data-toggle="collapse" data-parent="#workflowr-checks" href="#strongSessioninformationstrongrecorded"> <span class="glyphicon glyphicon-ok text-success" aria-hidden="true"></span> <strong>Session information:</strong> recorded </a>
</p>
</div>
<div id="strongSessioninformationstrongrecorded" class="panel-collapse collapse">
<div class="panel-body">
<p>Great job! Recording the operating system, R version, and package versions is critical for reproducibility.</p>
</div>
</div>
</div>
<div class="panel panel-default">
<div class="panel-heading">
<p class="panel-title">
<a data-toggle="collapse" data-parent="#workflowr-checks" href="#strongCachestrongnone"> <span class="glyphicon glyphicon-ok text-success" aria-hidden="true"></span> <strong>Cache:</strong> none </a>
</p>
</div>
<div id="strongCachestrongnone" class="panel-collapse collapse">
<div class="panel-body">
<p>Nice! There were no cached chunks for this analysis, so you can be confident that you successfully produced the results during this run.</p>
</div>
</div>
</div>
<div class="panel panel-default">
<div class="panel-heading">
<p class="panel-title">
<a data-toggle="collapse" data-parent="#workflowr-checks" href="#strongFilepathsstrongrelative"> <span class="glyphicon glyphicon-ok text-success" aria-hidden="true"></span> <strong>File paths:</strong> relative </a>
</p>
</div>
<div id="strongFilepathsstrongrelative" class="panel-collapse collapse">
<div class="panel-body">
<p>Great job! Using relative paths to the files within your workflowr project makes it easier to run your code on other machines.</p>
</div>
</div>
</div>
<div class="panel panel-default">
<div class="panel-heading">
<p class="panel-title">
<a data-toggle="collapse" data-parent="#workflowr-checks" href="#strongRepositoryversionstrongahrefhttpsgithubcommab658researchprojecttree2107ab3ac8be2dd88ae2d6ce887ea35718896ea2targetblank2107ab3a"> <span class="glyphicon glyphicon-ok text-success" aria-hidden="true"></span> <strong>Repository version:</strong> <a href="https://github.com/mab658/research_project/tree/2107ab3ac8be2dd88ae2d6ce887ea35718896ea2" target="_blank">2107ab3</a> </a>
</p>
</div>
<div id="strongRepositoryversionstrongahrefhttpsgithubcommab658researchprojecttree2107ab3ac8be2dd88ae2d6ce887ea35718896ea2targetblank2107ab3a" class="panel-collapse collapse">
<div class="panel-body">
<p>
Great! You are using Git for version control. Tracking code development and connecting the code version to the results is critical for reproducibility.
</p>
<p>
The results in this page were generated with repository version <a href="https://github.com/mab658/research_project/tree/2107ab3ac8be2dd88ae2d6ce887ea35718896ea2" target="_blank">2107ab3</a>. See the <em>Past versions</em> tab to see a history of the changes made to the R Markdown and HTML files.
</p>
<p>
Note that you need to be careful to ensure that all relevant files for the analysis have been committed to Git prior to generating the results (you can use <code>wflow_publish</code> or <code>wflow_git_commit</code>). workflowr only checks the R Markdown file, but you know if there are other scripts or data files that it depends on. Below is the status of the Git repository when the results were generated:
</p>
<pre><code>
Ignored files:
    Ignored:    .DS_Store
    Ignored:    data/.DS_Store
    Ignored:    output/.DS_Store

Untracked files:
    Untracked:  analysis/classical_analysis_GE.Rmd
    Untracked:  code/GE_decompose_to_GLY.sas
    Untracked:  code/GxE_ErrorVar_Hom_vs_Het.sas
    Untracked:  code/GxE_YesNo.sas
    Untracked:  code/ammiModel.R
    Untracked:  code/fwModel.R
    Untracked:  code/ggeModel.R
    Untracked:  code/run_main_program_GxE_analysis.sas
    Untracked:  code/summaryStats.sas
    Untracked:  code/two_way_GE_data.sas
    Untracked:  data/combined_trial.csv
    Untracked:  output/AMMI_stability.csv
    Untracked:  output/envSpecificBLUP.csv
    Untracked:  output/gen_env_trait.csv
    Untracked:  output/narrowPhenoDat.csv
    Untracked:  output/raw_pheno_trial_summary.csv
    Untracked:  output/traitTPEGainList.csv

</code></pre>
<p>
Note that any generated files, e.g. HTML, png, CSS, etc., are not included in this status report because it is ok for generated content to have uncommitted changes.
</p>
</div>
</div>
</div>
</div>
<hr>
</div>
<div id="versions" class="tab-pane fade">
<p>
There are no past versions. Publish this analysis with <code>wflow_publish()</code> to start tracking its development.
</p>
<hr>
</div>
</div>
</div>
<div id="read-combined-gxe-data-in-csv-format-into-r" class="section level1">
<h1>Read combined GxE data in csv format into R</h1>
<p>The combined GxE data is imported into R and tranposed from wide to narrow format for easy visualization of key variables of interest.</p>
<pre class="r lineAnchors"><code># Import the combined raw data in wide format
phenoDat &lt;- read.csv(file=&quot;data/combined_trial.csv&quot;, header=TRUE)


# Subset key variable and transpose the imported data in wide format to a narrow format
narrowPhenoDat &lt;- phenoDat %&gt;%
  dplyr::select(loc, year, env, trial, rep, gen,prop_hav, fyld, dyld, hi, tyld, dm) %&gt;%
  gather(key = trait, value = y, -c(loc, year, env, trial, rep, gen, prop_hav))

# write the narrow format combined GxE data file to a working directory data
write.csv(narrowPhenoDat,file=&quot;output/narrowPhenoDat.csv&quot;, row.names=FALSE)

# coerce variable to factors
narrowPhenoDat$trial &lt;- as.factor(narrowPhenoDat$trial)
narrowPhenoDat$loc &lt;- as.factor(narrowPhenoDat$loc)
narrowPhenoDat$year &lt;- as.factor(narrowPhenoDat$year)
narrowPhenoDat$env &lt;- as.factor(narrowPhenoDat$env)
narrowPhenoDat$trait &lt;- as.factor(narrowPhenoDat$trait)

narrowPhenoDat$year &lt;- factor(narrowPhenoDat$year, levels = c(&quot;2018&quot;, &quot;2019&quot;, &quot;2020&quot;), labels = c(&quot;2017-2018&quot;, &quot;2018-2019&quot;, &quot;2019-2020&quot;))</code></pre>
</div>
<div id="data-visualization" class="section level1">
<h1>Data visualization</h1>
<p>This is a boxplot showing the distribution of key traits of interest across environments i.e. location and year combination</p>
<pre class="r lineAnchors"><code>boxplot_env_trait &lt;- ggplot(data = narrowPhenoDat , aes(x=loc,y=y, fill=trait)) +
    geom_boxplot( stat = &quot;boxplot&quot;,  outlier.colour = &quot;red&quot;, outlier.shape = 16, outlier.size = 0.5, na.rm=TRUE) +
  stat_summary(fun=mean, colour=&quot;blue&quot;, geom=&quot;point&quot;, na.rm = TRUE) + 
  labs(x= &quot;Location&quot;, y= &quot;Response values&quot;) + theme_bw() +
  theme(axis.title = element_text(colour=&quot;black&quot;,face=&quot;bold&quot;, size=12),
         plot.title = element_text(hjust = 0.5,lineheight=.5,colour=&quot;black&quot;,face=&quot;bold&quot;, size=12),
         axis.text = element_text(face=&quot;bold&quot;, size=7), axis.text.x = element_text(angle = 90, hjust = 1),legend.position=&quot;none&quot;)+
    facet_grid(trait~year, scales = &quot;free&quot;)

# save the plot to a file
#ggsave(&quot;boxplot_env_trait.jpeg&quot;,height=5, width=8, units=&quot;in&quot;, dpi=300)
print(boxplot_env_trait)</code></pre>
<p><img src="figure/classical_analysis_GE.Rmd/boxplot_env_trait-1.png" width="576" style="display: block; margin: auto;" /></p>
</div>
<div id="a-diagnostic-plot-i" class="section level1">
<h1>A diagnostic plot I</h1>
<p>This is a diagnostics plot of CV vs broad-sense heritability of each trial. The input file to generate this plot is a summary statistics of raw data resulting from using SAS application.</p>
<pre class="r lineAnchors"><code># read summary statistics output file
stats.output &lt;- read.csv(file=&quot;output/raw_pheno_trial_summary.csv&quot;, header=T)

# filter the trait of interest from the summary output file
stats.output &lt;- subset(stats.output, trait==&quot;fyld&quot;) # subset for fresh root yield trait

cv_vs_H2 &lt;- ggplot(data = stats.output,
       aes(x = H2,
           y = cv)) + 
  geom_point(color = ifelse(stats.output$cv &gt; 40.5 | stats.output$H2 &lt; 0.05, &quot;#E41A1C&quot;, &quot;#4DAF4A&quot;),size = 1.7,
             alpha = 0.5) +
  scale_color_brewer(palette = &quot;Set1&quot;) +
  geom_text_repel(aes(x = H2,
                      y = cv,
                      label = trial),
                  size = 2.5, segment.colour = NA) +
  labs(x = &quot;Heritability&quot;,
       y = &quot;CV (%)&quot;) +
 theme_bw() +
   scale_x_continuous(breaks = seq(from = 0.0, to = 0.70, by = 0.1))
  theme(plot.title = element_text(hjust = 0.5),
        axis.text.x = element_text(size = 7, hjust = 0.5),
        axis.text.y = element_text(size = 7, hjust = 0.5, angle = 90),
       axis.title.y = element_text(size = 10, face = &quot;bold&quot;),
       axis.title.x = element_text(size = 10, face = &quot;bold&quot;),
       legend.background = element_rect(fill = &quot;NA&quot;, color = &quot;black&quot;, size = 0.5),
       legend.text = element_text(size = 7),
       legend.title = element_text(size = 10, face = &quot;bold&quot;),
       legend.position = &quot;right&quot;
 )

# save the plot to a file
#ggsave(&quot;cv_vs_H2.jpeg&quot;,height=5, width=8, units=&quot;in&quot;, dpi=300)

# Print the heatmap
print(cv_vs_H2)</code></pre>
<p><img src="figure/classical_analysis_GE.Rmd/CV_vs_H2-1.png" width="576" style="display: block; margin: auto;" /></p>
</div>
<div id="a-diagnostic-plot-ii" class="section level1">
<h1>A diagnostic plot II</h1>
<p>This is a diagnostics plot of experimental accuracy vs broad-sense heritability of the trials. The input file to generate this plot is a summary statistics of raw data resulting from using SAS application.</p>
<pre class="r lineAnchors"><code># filter the trait of interest from the summary output file
Ac_H2_output &lt;- subset(stats.output, trait==&quot;fyld&quot;, select= c(&quot;trial&quot;,&quot;trait&quot;,&quot;H2&quot;,&quot;Accr&quot;))

Ac_vs_H2 &lt;- ggplot(data = Ac_H2_output,
       aes(x = H2,
           y = Accr)) +
  geom_point(color = ifelse(Ac_H2_output$Accr &lt; 0.40 | Ac_H2_output$H2 &lt; 0.05, &quot;red&quot;, &quot;green&quot;),size = 1.7,
             alpha = 0.5) +
  scale_color_brewer(palette = &quot;Set1&quot;) +
  geom_text_repel(aes(x = H2,
                      y = Accr,
                      label = trial),
                  size = 2.5, segment.colour = NA) +
  labs(x = &quot;Heritability&quot;,
       y = &quot;Experimental accuracy&quot;) +
 theme_light() +
  theme(plot.title = element_text(hjust = 0.5),
        axis.text.x = element_text(size = 7, hjust = 0.5),
        axis.text.y = element_text(size = 7, hjust = 0.5, angle = 90),
       axis.title.y = element_text(size = 10, face = &quot;bold&quot;),
       axis.title.x = element_text(size = 10, face = &quot;bold&quot;),
       legend.background = element_rect(fill = &quot;NA&quot;, color = &quot;black&quot;, size = 0.5),
       legend.text = element_text(size = 7),
       legend.title = element_text(size = 10, face = &quot;bold&quot;),
       legend.position = &quot;right&quot;
 )


# output the plot to a file
#ggsave(&quot;Ac_vs_H2.jpeg&quot;,height=5, width=8, units=&quot;in&quot;, dpi=300)

print(Ac_vs_H2) # output the plot</code></pre>
<p><img src="figure/classical_analysis_GE.Rmd/Ac_vs_H2-1.png" width="576" style="display: block; margin: auto;" /></p>
</div>
<div id="fitting-finlay-wilkinson-fw-model" class="section level1">
<h1>Fitting Finlay Wilkinson (FW) model</h1>
<p>This chunk called a defined function fwModel to fit FW model for a trait of interest.The script reads two-way GxE adjusted means output from fitting linear mixed using SAS application.</p>
<p>From this point, the analysis was based on 17 trials after data quality control where 3 trials are excluded as shown in red data point in diagnostic plots.</p>
<p>Note: The function can be invoked to fit FW model for any trait of interest within the input data file.</p>
<pre class="r lineAnchors"><code># import the two-way GxE table ouput resulting from using SAS application
two_wayGxE &lt;- read.csv(file=&quot;output/gen_env_trait.csv&quot;, header=T)

## Create a trial data TD object
setATD &lt;- statgenSTA::createTD(data = two_wayGxE, genotype = &quot;gen&quot;, trial = &quot;env&quot;)

# Invoke a defined funtion fwMpdel from source script to fit FW model
source(&quot;code/fwModel.R&quot;)

# Example: Invoke the defined function to fit FW model for fresh root yield (fyld)
fwOutput &lt;- fwModel(traitName = &quot;fyld&quot;)
print(fwOutput)</code></pre>
<pre><code>$anovaSumm
Environmental effects 
=====================
       trial     envEff se_envEff   envMean se_envMean rank
1    Abuja20  -6.467310  1.100566 23.032965   1.683335   12
2  Ago-Owu18   4.927106  1.100566 34.411122   1.585379    7
3  Ago-Owu19  -1.464688  1.100566 28.028448   1.457129   10
4  Ago-Owu20  11.624983  1.100566 41.099441   2.118572    3
5   Ibadan18   7.956384  1.171105 37.436078   1.791116    5
6   Ibadan19  12.243283  1.117308 41.716859   2.179782    2
7   Ibadan20  -4.226424  1.117308 25.270653   1.550873   11
8   Ikenne18   5.871956  1.100566 35.354623   1.641616    6
9   Ikenne19  -8.829464  1.100566 20.674181   1.865190   13
10  Ikenne20  11.574479  1.100566 41.049009   2.113636    4
11   Mokwa18   4.003067  1.100566 33.488402   1.538445    8
12   Mokwa19  -9.341979  1.100566 20.162398   1.909243   14
13    Onne19 -14.130161  1.100566 15.381047   2.377248   16
14    Onne20 -22.773220  1.123701  6.750322   3.368022   17
15   Otobi19  18.152300  1.100566 47.617445   2.820327    1
16  Ubiaja20 -12.731857  1.100566 16.777357   2.231795   15
17 Umudike19   3.611545  1.100566 33.097438   1.521150    9

Anova 
=====
               Df Sum Sq Mean Sq  F value  Pr(&gt;F)    
genotype       35   7974   227.8   6.3387 &lt; 2e-16 ***
trial          16  70823  4426.4 123.1602 &lt; 2e-16 ***
Sensitivities  35   2092    59.8   1.6633 0.01107 *  
Residual      518  18617    35.9                     
Total         604  99506   164.7                     
---
Signif. codes:  0 &#39;***&#39; 0.001 &#39;**&#39; 0.01 &#39;*&#39; 0.05 &#39;.&#39; 0.1 &#39; &#39; 1

Most sensitive genotypes
========================
        genotype     sens rank   se_sens  genMean se_genMean MSdeviation
 TMS14F1131P0001 1.287679    1 0.1341826 31.98318   1.479164    44.28055
 TMS14F1016P0006 1.277815    2 0.1319175 34.57602   1.433407    60.69354
 TMS14F1036P0007 1.263991    3 0.1319175 37.43549   1.433407    23.25279
 TMS14F1208P0007 1.255757    4 0.1341826 30.02317   1.479164    28.65639
 TMS14F1022P0006 1.247755    5 0.1319175 32.65976   1.433407    39.48910

$genSens
             genotype      sens rank   se_sens  genMean se_genMean MSdeviation
20    TMS14F1131P0001 1.2876794    1 0.1341826 31.98318   1.479164    44.28055
13    TMS14F1016P0006 1.2778147    2 0.1319175 34.57602   1.433407    60.69354
17    TMS14F1036P0007 1.2639906    3 0.1319175 37.43549   1.433407    23.25279
23    TMS14F1208P0007 1.2557573    4 0.1341826 30.02317   1.479164    28.65639
14    TMS14F1022P0006 1.2477549    5 0.1319175 32.65976   1.433407    39.48910
6     TMS13F1021P0008 1.2033334    6 0.1319175 31.46351   1.433407    35.88813
12    TMS14F1001P0004 1.1848579    7 0.1319175 31.58859   1.433407    28.82307
1  IITA-TMS-IBA000070 1.1803258    8 0.1319175 37.88854   1.433407    23.26122
16    TMS14F1035P0007 1.1376218    9 0.1319175 30.65199   1.433407    31.02269
34    TMS14F1310P0004 1.1292160   10 0.1319175 30.52815   1.433407    32.05043
30    TMS14F1300P0008 1.0859954   11 0.1319175 29.84727   1.433407    52.58498
26    TMS14F1262P0002 1.0855638   12 0.1319175 33.18119   1.433407    41.40754
15    TMS14F1035P0004 1.0756546   13 0.1319175 32.23079   1.433407    20.56124
11    TMS13F2207P0001 1.0754062   14 0.1319175 32.74140   1.433407    27.22990
25    TMS14F1224P0004 1.0510963   15 0.1409578 26.00119   1.588021    26.20883
10    TMS13F2061P0005 1.0390170   16 0.1319175 27.67081   1.433407    42.45372
22    TMS14F1195P0005 1.0226105   17 0.1319175 26.40774   1.433407    15.34646
33    TMS14F1306P0020 0.9996033   18 0.1319175 30.23847   1.433407    51.26726
31    TMS14F1303P0012 0.9915816   19 0.1319175 29.53255   1.433407    17.91818
8     TMS13F1182P0002 0.9884806   20 0.1319175 32.09074   1.433407    28.67014
24    TMS14F1223P0007 0.9802780   21 0.1319175 31.14726   1.433407    22.40527
32    TMS14F1306P0015 0.9554224   22 0.1319175 29.36176   1.433407    19.80972
7     TMS13F1114P0001 0.9529336   23 0.1319175 25.20792   1.433407    51.17318
18    TMS14F1049P0001 0.9212336   24 0.1548820 23.18840   1.493363    13.69706
2   IITA-TMS-IBA30572 0.9028070   25 0.1319175 25.07432   1.433407    29.46789
27    TMS14F1285P0017 0.8869906   26 0.1319175 33.31568   1.433407    41.75146
3  IITA-TMS-IBA980581 0.8786841   27 0.1319175 31.21784   1.433407    55.26628
21    TMS14F1194P0002 0.8559259   28 0.1319175 28.14859   1.433407    15.96342
35    TMS14F1311P0002 0.8382097   29 0.1319175 25.25178   1.433407    37.48949
4  IITA-TMS-IBA982101 0.8357505   30 0.1319175 29.00460   1.433407    55.43071
36    TMS14F1312P0003 0.8161723   31 0.1319175 26.05182   1.433407    21.57253
28    TMS14F1291P0011 0.8155015   32 0.1548820 25.49248   1.493363    38.28012
9     TMS13F1461P0002 0.7885391   33 0.1319175 27.03859   1.433407    30.65928
19    TMS14F1120P0003 0.7175565   34 0.1319175 22.50767   1.433407    34.89031
5             TMEB419 0.6624791   35 0.1319175 27.45304   1.433407    57.29578
29    TMS14F1297P0019 0.6336527   36 0.1319175 23.47539   1.433407    58.49504

$mostSensGen
             genotype      sens rank   se_sens  genMean se_genMean MSdeviation
20    TMS14F1131P0001 1.2876794    1 0.1341826 31.98318   1.479164    44.28055
13    TMS14F1016P0006 1.2778147    2 0.1319175 34.57602   1.433407    60.69354
17    TMS14F1036P0007 1.2639906    3 0.1319175 37.43549   1.433407    23.25279
23    TMS14F1208P0007 1.2557573    4 0.1341826 30.02317   1.479164    28.65639
14    TMS14F1022P0006 1.2477549    5 0.1319175 32.65976   1.433407    39.48910
6     TMS13F1021P0008 1.2033334    6 0.1319175 31.46351   1.433407    35.88813
12    TMS14F1001P0004 1.1848579    7 0.1319175 31.58859   1.433407    28.82307
1  IITA-TMS-IBA000070 1.1803258    8 0.1319175 37.88854   1.433407    23.26122
16    TMS14F1035P0007 1.1376218    9 0.1319175 30.65199   1.433407    31.02269
34    TMS14F1310P0004 1.1292160   10 0.1319175 30.52815   1.433407    32.05043
30    TMS14F1300P0008 1.0859954   11 0.1319175 29.84727   1.433407    52.58498
26    TMS14F1262P0002 1.0855638   12 0.1319175 33.18119   1.433407    41.40754
15    TMS14F1035P0004 1.0756546   13 0.1319175 32.23079   1.433407    20.56124
11    TMS13F2207P0001 1.0754062   14 0.1319175 32.74140   1.433407    27.22990
25    TMS14F1224P0004 1.0510963   15 0.1409578 26.00119   1.588021    26.20883
10    TMS13F2061P0005 1.0390170   16 0.1319175 27.67081   1.433407    42.45372
22    TMS14F1195P0005 1.0226105   17 0.1319175 26.40774   1.433407    15.34646
33    TMS14F1306P0020 0.9996033   18 0.1319175 30.23847   1.433407    51.26726
31    TMS14F1303P0012 0.9915816   19 0.1319175 29.53255   1.433407    17.91818
8     TMS13F1182P0002 0.9884806   20 0.1319175 32.09074   1.433407    28.67014
24    TMS14F1223P0007 0.9802780   21 0.1319175 31.14726   1.433407    22.40527
32    TMS14F1306P0015 0.9554224   22 0.1319175 29.36176   1.433407    19.80972
7     TMS13F1114P0001 0.9529336   23 0.1319175 25.20792   1.433407    51.17318
18    TMS14F1049P0001 0.9212336   24 0.1548820 23.18840   1.493363    13.69706
2   IITA-TMS-IBA30572 0.9028070   25 0.1319175 25.07432   1.433407    29.46789
27    TMS14F1285P0017 0.8869906   26 0.1319175 33.31568   1.433407    41.75146
3  IITA-TMS-IBA980581 0.8786841   27 0.1319175 31.21784   1.433407    55.26628
21    TMS14F1194P0002 0.8559259   28 0.1319175 28.14859   1.433407    15.96342
35    TMS14F1311P0002 0.8382097   29 0.1319175 25.25178   1.433407    37.48949
4  IITA-TMS-IBA982101 0.8357505   30 0.1319175 29.00460   1.433407    55.43071
36    TMS14F1312P0003 0.8161723   31 0.1319175 26.05182   1.433407    21.57253
28    TMS14F1291P0011 0.8155015   32 0.1548820 25.49248   1.493363    38.28012
9     TMS13F1461P0002 0.7885391   33 0.1319175 27.03859   1.433407    30.65928
19    TMS14F1120P0003 0.7175565   34 0.1319175 22.50767   1.433407    34.89031
5             TMEB419 0.6624791   35 0.1319175 27.45304   1.433407    57.29578
29    TMS14F1297P0019 0.6336527   36 0.1319175 23.47539   1.433407    58.49504

$leastSensGen
             genotype      sens rank   se_sens  genMean se_genMean MSdeviation
29    TMS14F1297P0019 0.6336527   36 0.1319175 23.47539   1.433407    58.49504
5             TMEB419 0.6624791   35 0.1319175 27.45304   1.433407    57.29578
19    TMS14F1120P0003 0.7175565   34 0.1319175 22.50767   1.433407    34.89031
9     TMS13F1461P0002 0.7885391   33 0.1319175 27.03859   1.433407    30.65928
28    TMS14F1291P0011 0.8155015   32 0.1548820 25.49248   1.493363    38.28012
36    TMS14F1312P0003 0.8161723   31 0.1319175 26.05182   1.433407    21.57253
4  IITA-TMS-IBA982101 0.8357505   30 0.1319175 29.00460   1.433407    55.43071
35    TMS14F1311P0002 0.8382097   29 0.1319175 25.25178   1.433407    37.48949
21    TMS14F1194P0002 0.8559259   28 0.1319175 28.14859   1.433407    15.96342
3  IITA-TMS-IBA980581 0.8786841   27 0.1319175 31.21784   1.433407    55.26628
27    TMS14F1285P0017 0.8869906   26 0.1319175 33.31568   1.433407    41.75146
2   IITA-TMS-IBA30572 0.9028070   25 0.1319175 25.07432   1.433407    29.46789
18    TMS14F1049P0001 0.9212336   24 0.1548820 23.18840   1.493363    13.69706
7     TMS13F1114P0001 0.9529336   23 0.1319175 25.20792   1.433407    51.17318
32    TMS14F1306P0015 0.9554224   22 0.1319175 29.36176   1.433407    19.80972
24    TMS14F1223P0007 0.9802780   21 0.1319175 31.14726   1.433407    22.40527
8     TMS13F1182P0002 0.9884806   20 0.1319175 32.09074   1.433407    28.67014
31    TMS14F1303P0012 0.9915816   19 0.1319175 29.53255   1.433407    17.91818
33    TMS14F1306P0020 0.9996033   18 0.1319175 30.23847   1.433407    51.26726
22    TMS14F1195P0005 1.0226105   17 0.1319175 26.40774   1.433407    15.34646
10    TMS13F2061P0005 1.0390170   16 0.1319175 27.67081   1.433407    42.45372
25    TMS14F1224P0004 1.0510963   15 0.1409578 26.00119   1.588021    26.20883
11    TMS13F2207P0001 1.0754062   14 0.1319175 32.74140   1.433407    27.22990
15    TMS14F1035P0004 1.0756546   13 0.1319175 32.23079   1.433407    20.56124
26    TMS14F1262P0002 1.0855638   12 0.1319175 33.18119   1.433407    41.40754
30    TMS14F1300P0008 1.0859954   11 0.1319175 29.84727   1.433407    52.58498
34    TMS14F1310P0004 1.1292160   10 0.1319175 30.52815   1.433407    32.05043
16    TMS14F1035P0007 1.1376218    9 0.1319175 30.65199   1.433407    31.02269
1  IITA-TMS-IBA000070 1.1803258    8 0.1319175 37.88854   1.433407    23.26122
12    TMS14F1001P0004 1.1848579    7 0.1319175 31.58859   1.433407    28.82307
6     TMS13F1021P0008 1.2033334    6 0.1319175 31.46351   1.433407    35.88813
14    TMS14F1022P0006 1.2477549    5 0.1319175 32.65976   1.433407    39.48910
23    TMS14F1208P0007 1.2557573    4 0.1341826 30.02317   1.479164    28.65639
17    TMS14F1036P0007 1.2639906    3 0.1319175 37.43549   1.433407    23.25279
13    TMS14F1016P0006 1.2778147    2 0.1319175 34.57602   1.433407    60.69354
20    TMS14F1131P0001 1.2876794    1 0.1341826 31.98318   1.479164    44.28055</code></pre>
</div>
<div id="fitting-additive-main-effect-and-multiplicative-ammi-model" class="section level1">
<h1>Fitting Additive Main Effect and Multiplicative (AMMI) Model</h1>
<p>A defined function ammiModel was invoked to fit AMMI model on fresh root yield. The script reads two-way GxE adjusted means output from fitting linear mixed using SAS application.</p>
<p>Like FW model, the analysis was based on 17 trials after data quality control where 3 trials are excluded as shown in red data point in diagnostic plots.</p>
<pre class="r lineAnchors"><code># Invoke a defined funtion ammiModel from source script to fit AMMI model
source(&quot;code/ammiModel.R&quot;)

# Example: Invoke the defined function to fit AMMI model for fresh root yield (fyld)
AMMIoutput &lt;- ammiModel(traitName = &quot;fyld&quot;)</code></pre>
<p><img src="figure/classical_analysis_GE.Rmd/ammiModel-1.png" width="576" style="display: block; margin: auto;" /></p>
<pre class="r lineAnchors"><code>print(AMMIoutput)</code></pre>
<pre><code>$anovaPCA
$anovaPCA$Anova
Analysis of Variance Table

Response: fyld
              Df Sum Sq Mean Sq  F value    Pr(&gt;F)    
Genotype      35   8200   234.3   6.2407 &lt; 2.2e-16 ***
Environment   16  71730  4483.1 119.4220 &lt; 2.2e-16 ***
Interactions 560  21023    37.5                       
PC1           50   4504    90.1   3.1482 8.696e-11 ***
PC2           48   3301    68.8   2.4034 1.645e-06 ***
Residuals    462  13218    28.6                       
---
Signif. codes:  0 &#39;***&#39; 0.001 &#39;**&#39; 0.01 &#39;*&#39; 0.05 &#39;.&#39; 0.1 &#39; &#39; 1

$anovaPCA$PCA
                            PC1      PC2      PC3      PC4      PC5      PC6
Standard deviation     11.34353 9.711066 8.987889 8.227652 7.499264 5.990143
Proportion of Variance  0.21423 0.157010 0.134490 0.112700 0.093630 0.059740
Cumulative Proportion   0.21423 0.371230 0.505730 0.618430 0.712060 0.771800
                            PC7      PC8      PC9     PC10     PC11     PC12
Standard deviation     5.667396 4.764537 4.630492 4.027365 3.834737 3.375504
Proportion of Variance 0.053470 0.037790 0.035700 0.027000 0.024480 0.018970
Cumulative Proportion  0.825270 0.863070 0.898760 0.925770 0.950250 0.969220
                           PC13     PC14     PC15    PC16         PC17
Standard deviation     2.805124 2.233879 1.809165 1.53488 9.476688e-14
Proportion of Variance 0.013100 0.008310 0.005450 0.00392 0.000000e+00
Cumulative Proportion  0.982320 0.990630 0.996080 1.00000 1.000000e+00


$StabilityGenSelIndex
             Genotype     Mean         PC1         PC2       ASV Mean_rank
1  IITA-TMS-IBA000070 37.86191   0.9067386  -2.2816999  2.595545         1
2     TMS14F1306P0020 30.21592   2.4025911   0.1672491  3.282517        17
3     TMS14F1223P0007 31.12515   2.7972645   0.6976075  3.880000        13
4     TMS14F1306P0015 29.34021   3.7516523  -2.4726521  5.684908        21
5     TMS14F1049P0001 23.35114  -2.5822363   5.1011698  6.199685        35
6   IITA-TMS-IBA30572 25.05396  -4.4950633  -2.4154794  6.591862        33
7     TMS14F1036P0007 37.40698   3.5272687  -4.7354018  6.751846         2
8     TMS14F1035P0007 30.62633   1.5659039  -6.4362555  6.781632        15
9     TMS14F1035P0004 32.20652   2.5779727  -8.1724682  8.897327         8
10    TMS14F1310P0004 30.50268  -5.6351645  -5.1049587  9.229363        16
11    TMS14F1224P0004 26.32136   0.5148835 -10.6330563 10.656240        28
12    TMS13F1461P0002 27.02080   4.2840431   9.1640849 10.869660        26
13    TMS14F1001P0004 31.56186   1.6418473 -10.7906583 11.020753        10
14    TMS13F1182P0002 32.06845   3.4122761  10.3215459 11.323075         9
15    TMS14F1262P0002 33.15671   6.0877973  -8.2020180 11.673583         5
16    TMS14F1312P0003 26.03341   0.9464199  11.9668402 12.036315        29
17 IITA-TMS-IBA982101 28.98575  -7.1989100   7.0212884 12.074073        22
18    TMS14F1303P0012 29.51018   8.7756096  -2.1972499 12.173948        20
19    TMS14F1194P0002 28.12929  -7.2557549   7.5032737 12.422304        23
20    TMS14F1120P0003 22.49148  -7.9398161   7.7384846 13.313571        36
21    TMS14F1195P0005 26.38467  -9.4899496   4.2504018 13.628464        27
22    TMS13F2207P0001 32.71715 -10.1479147  -0.5674766 13.858105         6
23    TMS14F1208P0007 29.82372  -2.1713597 -13.7861904 14.100954        18
24    TMS14F1131P0001 30.83005  -4.3722806 -12.8383420 14.156769        14
25 IITA-TMS-IBA980581 31.19802  -4.3600788  18.2748323 19.218798        12
